7.465103,-4.507473,52.481293,702.000000,121.000000
9.101993,-3.467221,24.438770,865.000000,82.000000
36.483879,-7.177519,53.611443,1083.000000,88.000000
-6.743315,-0.068099,27.608660,429.000000,179.000000
9.277974,-3.069754,36.173313,783.000000,122.000000
10.612006,-5.523269,24.177074,912.000000,21.000000
-18.757822,-0.325912,41.340336,281.000000,175.000000
8.925311,-5.765324,25.715771,847.000000,24.000000
-18.981871,0.571419,42.787510,288.000000,190.000000
8.152102,-3.883404,46.681908,725.000000,123.000000
53.584976,-10.922632,74.863853,1108.000000,80.000000
-10.654566,-0.130215,31.549196,363.000000,178.000000
-18.647068,-0.099304,39.857182,271.000000,179.000000
8.922042,-3.863064,24.995539,854.000000,73.000000
-6.115012,0.731304,24.796230,427.000000,202.000000
8.600070,-3.045715,24.684832,848.000000,95.000000
-19.529745,-0.236074,49.004528,320.000000,177.000000
9.883466,-2.679302,42.026329,768.000000,137.000000
4.483583,-1.796002,37.583954,686.000000,148.000000
-16.361721,-0.208790,32.604744,247.000000,176.000000
9.814246,-2.119042,14.302966,1087.000000,78.000000
-19.365513,-3.149929,30.817417,158.000000,108.000000
9.058224,-3.010954,24.138195,867.000000,94.000000
9.604100,-2.089937,14.821217,1060.000000,83.000000
8.813744,-2.003730,34.570393,782.000000,141.000000
-18.274281,0.596779,45.390259,317.000000,190.000000
-18.370474,0.030872,33.845493,218.000000,181.000000
3.424272,-1.145095,37.668095,666.000000,160.000000
1.647760,0.597316,24.407219,650.000000,199.000000
-12.234662,-2.306448,22.216936,213.000000,107.000000
-20.049307,0.681648,51.802856,328.000000,190.000000
-7.273269,0.329368,28.963837,424.000000,189.000000
15.939186,-4.290291,22.488323,1103.000000,48.000000
-18.585707,-1.201686,33.439442,209.000000,155.000000
-12.418654,0.143848,21.694469,197.000000,185.000000
-15.639329,0.443755,43.251854,346.000000,188.000000
-11.480346,-1.165509,20.441034,205.000000,140.000000
4.409182,-1.289892,22.870777,738.000000,142.000000
14.280414,-3.230644,19.715351,1114.000000,67.000000
2.246002,0.372712,27.937092,659.000000,191.000000
9.457924,-3.675846,23.769747,883.000000,73.000000
14.056334,-3.514421,17.618334,1166.000000,42.000000
8.541798,-4.163906,25.330324,840.000000,66.000000
9.168655,-3.995066,24.708532,864.000000,68.000000
-9.663660,-1.248367,16.781389,195.000000,128.000000
-9.069477,0.314752,15.389543,185.000000,195.000000
7.777175,-2.635010,15.701074,952.000000,64.000000
-18.452168,0.130161,35.768623,237.000000,183.000000
9.800815,-2.595532,15.059654,1062.000000,61.000000
25.149319,-3.922116,35.696125,1100.000000,105.000000
-7.887623,0.528258,28.817535,408.000000,194.000000
-14.347695,-7.133073,47.871517,391.000000,76.000000
0.900630,0.764953,18.466169,637.000000,211.000000
-29.917898,-9.497822,53.458908,207.000000,55.000000
-18.088623,-0.669371,29.073673,162.000000,164.000000
10.380122,-7.239243,40.875809,781.000000,57.000000
-37.764381,-13.575122,80.734741,272.000000,62.000000
15.538510,-5.768021,23.465902,1070.000000,9.000000
-14.200174,0.917331,27.390614,235.000000,204.000000
-36.061275,-12.155500,74.840721,262.000000,66.000000
-8.839355,0.840663,15.006232,185.000000,220.000000
-14.247337,-6.856332,45.191319,380.000000,74.000000
-19.801180,-3.761571,34.795376,200.000000,104.000000
4.285094,-1.503978,29.030226,706.000000,145.000000
-26.340700,-7.584215,50.255581,232.000000,74.000000
-19.165939,-3.598270,30.912081,164.000000,98.000000
-11.579557,-4.010245,27.672958,307.000000,78.000000
-8.821797,0.835770,15.344403,195.000000,219.000000
1.862218,0.782055,21.010826,665.000000,208.000000
3.459431,-1.037649,26.503073,694.000000,154.000000
-13.859917,-5.633289,37.872158,344.000000,76.000000
9.827909,-7.313550,40.975277,771.000000,56.000000
-7.559848,-1.705200,25.167603,390.000000,133.000000
8.470325,-4.087062,26.688334,826.000000,74.000000
-17.995909,0.073327,29.401524,169.000000,182.000000
3.208706,-1.039509,29.742855,678.000000,157.000000
-8.560219,0.713082,19.364059,289.000000,207.000000
-7.528612,-1.465190,25.930271,397.000000,141.000000
-9.654829,-0.154329,19.797235,257.000000,175.000000
-7.276443,-1.107495,21.330143,361.000000,144.000000
-18.224045,-1.178349,29.486414,165.000000,152.000000
-8.843028,0.849083,18.526709,264.000000,213.000000
-9.732567,-1.458898,20.838308,272.000000,131.000000
-9.505528,0.529366,22.661884,305.000000,197.000000
-29.075668,-9.095960,53.304127,217.000000,60.000000
-8.056492,-1.401470,31.963245,424.000000,150.000000
-30.652243,-11.022747,54.620113,206.000000,38.000000
-7.640580,-0.854999,20.379343,337.000000,151.000000
-10.484330,0.562850,30.307384,357.000000,194.000000
-8.161791,-1.153216,29.272617,405.000000,153.000000
-14.064379,-6.412539,42.699669,370.000000,75.000000
-28.908546,-11.505232,53.247639,219.000000,28.000000
10.005988,-5.772673,51.064503,740.000000,102.000000
-8.102342,-0.953984,20.673296,325.000000,148.000000
-14.695447,-7.494514,53.303848,408.000000,82.000000
-6.903913,-0.859297,21.879536,379.000000,153.000000
-8.955148,-1.408358,20.949007,300.000000,133.000000
12.101318,-4.972370,23.358593,968.000000,32.000000
9.844942,-6.122710,54.144749,730.000000,102.000000
-9.465391,0.678719,18.822847,246.000000,206.000000
-7.664177,-1.867546,27.033413,402.000000,132.000000
-10.143735,-2.518650,22.376976,282.000000,101.000000
-7.261701,-1.516196,22.885948,378.000000,134.000000
-7.332036,-0.590903,29.977560,429.000000,167.000000
8.096741,-1.818812,25.189991,829.000000,131.000000
-9.100100,0.990228,18.204403,248.000000,219.000000
-8.734244,-2.680555,24.062346,346.000000,102.000000
-6.851654,-0.601648,22.534073,387.000000,162.000000
-8.115778,-1.954052,22.030731,342.000000,118.000000
-9.444574,-0.659394,19.875332,266.000000,157.000000
-12.737279,-5.252427,47.453804,413.000000,103.000000
-9.463419,-0.968922,20.456970,275.000000,147.000000
-10.408942,0.698916,19.288254,220.000000,206.000000
-11.477419,-4.104720,40.236237,401.000000,109.000000
-26.003912,-7.623726,50.987331,242.000000,75.000000
-7.696212,-2.164221,25.969162,393.000000,122.000000
-8.156589,-2.476279,24.372665,366.000000,109.000000
-8.864096,-1.007311,20.609020,298.000000,146.000000
-9.434779,-1.827727,21.356148,290.000000,120.000000
-8.994596,-2.204568,36.251904,427.000000,138.000000
-8.783812,-3.110624,25.587486,360.000000,95.000000
-8.740762,-2.450583,23.183489,336.000000,106.000000
-8.734822,-0.677638,20.315956,298.000000,157.000000
-11.476393,-3.195766,23.410154,256.000000,84.000000
-7.836332,-1.543783,21.120129,340.000000,129.000000
-10.545891,-1.525988,20.585129,240.000000,128.000000
-8.744691,-2.054625,22.124655,323.000000,115.000000
-8.141041,0.932779,18.722452,294.000000,216.000000
-11.372223,-4.527536,38.511097,394.000000,98.000000
1.242292,1.022375,17.087902,654.000000,224.000000
-27.813046,-9.044548,47.878372,192.000000,47.000000
-9.187323,-1.219365,20.742611,289.000000,139.000000
-9.276010,-3.237938,24.404209,334.000000,87.000000
-9.433213,0.868036,18.348709,238.000000,214.000000
-14.035199,-6.364583,40.855797,360.000000,71.000000
-9.566391,-1.898882,35.358772,411.000000,143.000000
-8.904828,-0.413118,20.057646,288.000000,166.000000
-10.947728,-1.292287,20.149862,218.000000,135.000000
2.115276,0.899149,20.306353,676.000000,213.000000
-8.664749,0.751106,18.706076,274.000000,209.000000
-8.624581,-0.515948,30.660036,403.000000,169.000000
-8.115348,-2.570834,26.735506,388.000000,113.000000
-8.325742,-0.475815,20.234247,311.000000,164.000000
-7.338679,-0.724555,20.751951,352.000000,156.000000
8.518353,-3.641101,27.328579,822.000000,88.000000
-8.781562,-1.760369,21.606619,315.000000,123.000000
8.317871,-2.433434,24.172352,845.000000,111.000000
-7.644231,-1.683843,21.758244,354.000000,126.000000
-8.544010,-1.406624,20.884882,313.000000,133.000000
8.688295,-5.287579,25.344362,844.000000,35.000000
-28.070055,-10.148129,53.241833,230.000000,46.000000
13.598866,-2.726958,16.748537,1176.000000,68.000000
-10.446825,-1.034545,20.121696,235.000000,144.000000
-9.936357,-0.631429,19.904058,249.000000,158.000000
-28.572382,-10.355319,52.776794,220.000000,42.000000
-9.519708,-3.717698,26.836018,352.000000,83.000000
7.778567,-7.204422,57.604179,697.000000,94.000000
-9.565775,-2.250942,21.925585,294.000000,108.000000
-9.226535,-2.643061,22.603815,314.000000,98.000000
-10.742312,-1.301880,20.299725,228.000000,135.000000
-7.468392,-1.900330,23.629080,379.000000,124.000000
-6.839558,-0.906656,23.015335,392.000000,153.000000
-8.769722,1.050933,15.331848,197.000000,229.000000
-7.352252,-0.557389,19.996010,342.000000,161.000000
-11.808145,-4.851051,34.961021,364.000000,83.000000
-18.336079,-1.865144,28.486614,147.000000,134.000000
-9.034358,-3.316944,27.924410,374.000000,97.000000
-7.875428,-2.101290,22.586859,356.000000,115.000000
-14.043642,-6.442382,47.776424,395.000000,86.000000
-8.993648,-1.736151,21.314077,304.000000,123.000000
9.171080,-3.274773,23.552206,877.000000,84.000000
-11.520419,-4.862306,36.548470,380.000000,87.000000
-9.117774,-2.187245,21.598106,304.000000,109.000000
-19.004887,-3.474983,28.812738,136.000000,95.000000
4.614441,-1.963816,34.933998,695.000000,142.000000
-8.973736,1.493160,17.181761,232.000000,242.000000
-6.415116,0.893336,22.639721,401.000000,209.000000
0.288016,0.789963,15.432935,616.000000,218.000000
-4.266397,0.811927,17.518799,429.000000,214.000000
17.347979,-4.861413,21.592346,1170.000000,24.000000
-10.184703,-2.735376,38.617939,416.000000,131.000000
8.908533,-3.251959,30.228142,810.000000,106.000000
